UNITS MM,10000;
EDIT proj;
ADD P2 :W0.000000  0.0000,-11.0900 -4.0000,-11.0900 -4.0000,11.0900 0.0000,11.0900;
ADD P2 :W0.000000  -4.0000,11.0900 -32.6000,11.0900 -32.6000,-11.0900 -4.0000,-11.0900;
ADD P2 :W0.000000  -32.6000,15.0900 -4.0000,15.0900 -4.0000,11.0900 -32.6000,11.0900;
ADD P2 :W0.000000  -4.0000,15.0900 -4.0000,50.1100 -32.6000,50.1100 -32.6000,15.0900;
ADD P2 :W0.000000  -4.0000,50.1100 0.0000,50.1100 0.0000,15.0900 -4.0000,15.0900;
ADD P2 :W0.000000  0.0000,15.0900 28.6000,15.0900 28.6000,50.1100 0.0000,50.1100;
ADD P2 :W0.000000  28.6000,11.0900 0.0000,11.0900 0.0000,15.0900 28.6000,15.0900;
ADD P2 :W0.000000  0.0000,11.0900 0.0000,-11.0900 28.6000,-11.0900 28.6000,11.0900;
ADD P5 :W0.000000  -2.0000,13.3400 -2.0218,13.3390 -2.0434,13.3362 -2.0647,13.3315 -2.0855,13.3249 -2.1057,13.3166 -2.1250,13.3065 -2.1434,13.2948 -2.1607,13.2815 -2.1768,13.2668 -2.1915,13.2507 -2.2048,13.2334 -2.2165,13.2150 -2.2266,13.1957 -2.2349,13.1755 -2.2415,13.1547 -2.2462,13.1334 -2.2490,13.1118 -2.2500,13.0900 -2.2490,13.0682 -2.2462,13.0466 -2.2415,13.0253 -2.2349,13.0045 -2.2266,12.9843 -2.2165,12.9650 -2.2048,12.9466 -2.1915,12.9293 -2.1768,12.9132 -2.1607,12.8985 -2.1434,12.8852 -2.1250,12.8735 -2.1057,12.8634 -2.0855,12.8551 -2.0647,12.8485 -2.0434,12.8438 -2.0218,12.8410 -2.0000,12.8400 -1.9782,12.8410 -1.9566,12.8438 -1.9353,12.8485 -1.9145,12.8551 -1.8943,12.8634 -1.8750,12.8735 -1.8566,12.8852 -1.8393,12.8985 -1.8232,12.9132 -1.8085,12.9293 -1.7952,12.9466 -1.7835,12.9650 -1.7734,12.9843 -1.7651,13.0045 -1.7585,13.0253 -1.7538,13.0466 -1.7510,13.0682 -1.7500,13.0900 -1.7510,13.1118 -1.7538,13.1334 -1.7585,13.1547 -1.7651,13.1755 -1.7734,13.1957 -1.7835,13.2150 -1.7952,13.2334 -1.8085,13.2507 -1.8232,13.2668 -1.8393,13.2815 -1.8566,13.2948 -1.8750,13.3065 -1.8943,13.3166 -1.9145,13.3249 -1.9353,13.3315 -1.9566,13.3362 -1.9782,13.3390 -2.0000,13.3400;
ADD P1 :W0.000000  -2.0000,14.0900 -2.0872,14.0862 -2.1736,14.0748 -2.2588,14.0559 -2.3420,14.0297 -2.4226,13.9963 -2.5000,13.9560 -2.5736,13.9092 -2.6428,13.8560 -2.7071,13.7971 -2.7660,13.7328 -2.8192,13.6636 -2.8660,13.5900 -2.9063,13.5126 -2.9397,13.4320 -2.9659,13.3488 -2.9848,13.2636 -2.9962,13.1772 -3.0000,13.0900 -2.9962,13.0028 -2.9848,12.9164 -2.9659,12.8312 -2.9397,12.7480 -2.9063,12.6674 -2.8660,12.5900 -2.8192,12.5164 -2.7660,12.4472 -2.7071,12.3829 -2.6428,12.3240 -2.5736,12.2708 -2.5000,12.2240 -2.4226,12.1837 -2.3420,12.1503 -2.2588,12.1241 -2.1736,12.1052 -2.0872,12.0938 -2.0000,12.0900 -1.9128,12.0938 -1.8264,12.1052 -1.7412,12.1241 -1.6580,12.1503 -1.5774,12.1837 -1.5000,12.2240 -1.4264,12.2708 -1.3572,12.3240 -1.2929,12.3829 -1.2340,12.4472 -1.1808,12.5164 -1.1340,12.5900 -1.0937,12.6674 -1.0603,12.7480 -1.0341,12.8312 -1.0152,12.9164 -1.0038,13.0028 -1.0000,13.0900 -1.0038,13.1772 -1.0152,13.2636 -1.0341,13.3488 -1.0603,13.4320 -1.0937,13.5126 -1.1340,13.5900 -1.1808,13.6636 -1.2340,13.7328 -1.2929,13.7971 -1.3572,13.8560 -1.4264,13.9092 -1.5000,13.9560 -1.5774,13.9963 -1.6580,14.0297 -1.7412,14.0559 -1.8264,14.0748 -1.9128,14.0862 -2.0000,14.0900;
ADD P2 :W0.000000  -2.0000,14.0900 -2.0872,14.0862 -2.1736,14.0748 -2.2588,14.0559 -2.3420,14.0297 -2.4226,13.9963 -2.5000,13.9560 -2.5736,13.9092 -2.6428,13.8560 -2.7071,13.7971 -2.7660,13.7328 -2.8192,13.6636 -2.8660,13.5900 -2.9063,13.5126 -2.9397,13.4320 -2.9659,13.3488 -2.9848,13.2636 -2.9962,13.1772 -3.0000,13.0900 -2.9962,13.0028 -2.9848,12.9164 -2.9659,12.8312 -2.9397,12.7480 -2.9063,12.6674 -2.8660,12.5900 -2.8192,12.5164 -2.7660,12.4472 -2.7071,12.3829 -2.6428,12.3240 -2.5736,12.2708 -2.5000,12.2240 -2.4226,12.1837 -2.3420,12.1503 -2.2588,12.1241 -2.1736,12.1052 -2.0872,12.0938 -2.0000,12.0900 -1.9128,12.0938 -1.8264,12.1052 -1.7412,12.1241 -1.6580,12.1503 -1.5774,12.1837 -1.5000,12.2240 -1.4264,12.2708 -1.3572,12.3240 -1.2929,12.3829 -1.2340,12.4472 -1.1808,12.5164 -1.1340,12.5900 -1.0937,12.6674 -1.0603,12.7480 -1.0341,12.8312 -1.0152,12.9164 -1.0038,13.0028 -1.0000,13.0900 -1.0038,13.1772 -1.0152,13.2636 -1.0341,13.3488 -1.0603,13.4320 -1.0937,13.5126 -1.1340,13.5900 -1.1808,13.6636 -1.2340,13.7328 -1.2929,13.7971 -1.3572,13.8560 -1.4264,13.9092 -1.5000,13.9560 -1.5774,13.9963 -1.6580,14.0297 -1.7412,14.0559 -1.8264,14.0748 -1.9128,14.0862 -2.0000,14.0900;
ADD P1 :W0.000000  -20.4600,13.0900 -20.4600,33.4300 16.4600,33.4300 16.4600,13.0900;
ADD P1 :W0.000000  16.4600,13.0900 16.4600,5.5900 -20.4600,5.5900 -20.4600,13.0900;
SAVE;
