UNITS MM,10000;
EDIT proj;
ADD P2 :W0.000000  -1.0000,-0.7500 1.0000,-0.7500 1.0000,-7.2500 -1.0000,-7.2500;
ADD P1 :W0.000000  -18.4600,-8.6500 -18.4600,18.1900 18.4600,18.1900 18.4600,-8.6500;
ADD P2 :W0.000000  -1.0000,-7.6500 1.0000,-7.6500 1.0000,-8.6500 -1.0000,-8.6500;
ADD P2 :W0.000000  1.7000,-10.3500 1.7000,-26.3300 30.9500,-26.3300 30.9500,-10.3500;
ADD P2 :W0.000000  30.9500,-10.3500 1.7000,-10.3500 1.7000,-0.0500 30.9500,-0.0500;
ADD P2 :W0.000000  1.7000,-0.0500 30.9500,-0.0500 30.9500,34.8700 1.7000,34.8700;
ADD P2 :W0.000000  -1.7000,34.8700 1.7000,34.8700 1.7000,-0.0500 -1.7000,-0.0500;
ADD P2 :W0.000000  -1.7000,-0.0500 -1.7000,34.8700 -30.9500,34.8700 -30.9500,-0.0500;
ADD P2 :W0.000000  -30.9500,-0.0500 -1.7000,-0.0500 -1.7000,-10.3500 -30.9500,-10.3500;
ADD P2 :W0.000000  -1.7000,-10.3500 -30.9500,-10.3500 -30.9500,-26.3300 -1.7000,-26.3300;
ADD P2 :W0.000000  1.7000,-26.3300 -1.7000,-26.3300 -1.7000,-10.3500 1.7000,-10.3500;
ADD P1 :W0.000000  18.4600,-8.6500 18.4600,-9.6500 -18.4600,-9.6500 -18.4600,-8.6500;
ADD P5 :W0.000000  0.0000,-8.4000 -0.0218,-8.4010 -0.0434,-8.4038 -0.0647,-8.4085 -0.0855,-8.4151 -0.1057,-8.4234 -0.1250,-8.4335 -0.1434,-8.4452 -0.1607,-8.4585 -0.1768,-8.4732 -0.1915,-8.4893 -0.2048,-8.5066 -0.2165,-8.5250 -0.2266,-8.5443 -0.2349,-8.5645 -0.2415,-8.5853 -0.2462,-8.6066 -0.2490,-8.6282 -0.2500,-8.6500 -0.2490,-8.6718 -0.2462,-8.6934 -0.2415,-8.7147 -0.2349,-8.7355 -0.2266,-8.7557 -0.2165,-8.7750 -0.2048,-8.7934 -0.1915,-8.8107 -0.1768,-8.8268 -0.1607,-8.8415 -0.1434,-8.8548 -0.1250,-8.8665 -0.1057,-8.8766 -0.0855,-8.8849 -0.0647,-8.8915 -0.0434,-8.8962 -0.0218,-8.8990 0.0000,-8.9000 0.0218,-8.8990 0.0434,-8.8962 0.0647,-8.8915 0.0855,-8.8849 0.1057,-8.8766 0.1250,-8.8665 0.1434,-8.8548 0.1607,-8.8415 0.1768,-8.8268 0.1915,-8.8107 0.2048,-8.7934 0.2165,-8.7750 0.2266,-8.7557 0.2349,-8.7355 0.2415,-8.7147 0.2462,-8.6934 0.2490,-8.6718 0.2500,-8.6500 0.2490,-8.6282 0.2462,-8.6066 0.2415,-8.5853 0.2349,-8.5645 0.2266,-8.5443 0.2165,-8.5250 0.2048,-8.5066 0.1915,-8.4893 0.1768,-8.4732 0.1607,-8.4585 0.1434,-8.4452 0.1250,-8.4335 0.1057,-8.4234 0.0855,-8.4151 0.0647,-8.4085 0.0434,-8.4038 0.0218,-8.4010 0.0000,-8.4000;
ADD P1 :W0.000000  0.0000,-7.6500 -0.0872,-7.6538 -0.1736,-7.6652 -0.2588,-7.6841 -0.3420,-7.7103 -0.4226,-7.7437 -0.5000,-7.7840 -0.5736,-7.8308 -0.6428,-7.8840 -0.7071,-7.9429 -0.7660,-8.0072 -0.8192,-8.0764 -0.8660,-8.1500 -0.9063,-8.2274 -0.9397,-8.3080 -0.9659,-8.3912 -0.9848,-8.4764 -0.9962,-8.5628 -1.0000,-8.6500 -0.9962,-8.7372 -0.9848,-8.8236 -0.9659,-8.9088 -0.9397,-8.9920 -0.9063,-9.0726 -0.8660,-9.1500 -0.8192,-9.2236 -0.7660,-9.2928 -0.7071,-9.3571 -0.6428,-9.4160 -0.5736,-9.4692 -0.5000,-9.5160 -0.4226,-9.5563 -0.3420,-9.5897 -0.2588,-9.6159 -0.1736,-9.6348 -0.0872,-9.6462 0.0000,-9.6500 0.0872,-9.6462 0.1736,-9.6348 0.2588,-9.6159 0.3420,-9.5897 0.4226,-9.5563 0.5000,-9.5160 0.5736,-9.4692 0.6428,-9.4160 0.7071,-9.3571 0.7660,-9.2928 0.8192,-9.2236 0.8660,-9.1500 0.9063,-9.0726 0.9397,-8.9920 0.9659,-8.9088 0.9848,-8.8236 0.9962,-8.7372 1.0000,-8.6500 0.9962,-8.5628 0.9848,-8.4764 0.9659,-8.3912 0.9397,-8.3080 0.9063,-8.2274 0.8660,-8.1500 0.8192,-8.0764 0.7660,-8.0072 0.7071,-7.9429 0.6428,-7.8840 0.5736,-7.8308 0.5000,-7.7840 0.4226,-7.7437 0.3420,-7.7103 0.2588,-7.6841 0.1736,-7.6652 0.0872,-7.6538 0.0000,-7.6500;
ADD P2 :W0.000000  0.0000,-7.6500 -0.0872,-7.6538 -0.1736,-7.6652 -0.2588,-7.6841 -0.3420,-7.7103 -0.4226,-7.7437 -0.5000,-7.7840 -0.5736,-7.8308 -0.6428,-7.8840 -0.7071,-7.9429 -0.7660,-8.0072 -0.8192,-8.0764 -0.8660,-8.1500 -0.9063,-8.2274 -0.9397,-8.3080 -0.9659,-8.3912 -0.9848,-8.4764 -0.9962,-8.5628 -1.0000,-8.6500 -0.9962,-8.7372 -0.9848,-8.8236 -0.9659,-8.9088 -0.9397,-8.9920 -0.9063,-9.0726 -0.8660,-9.1500 -0.8192,-9.2236 -0.7660,-9.2928 -0.7071,-9.3571 -0.6428,-9.4160 -0.5736,-9.4692 -0.5000,-9.5160 -0.4226,-9.5563 -0.3420,-9.5897 -0.2588,-9.6159 -0.1736,-9.6348 -0.0872,-9.6462 0.0000,-9.6500 0.0872,-9.6462 0.1736,-9.6348 0.2588,-9.6159 0.3420,-9.5897 0.4226,-9.5563 0.5000,-9.5160 0.5736,-9.4692 0.6428,-9.4160 0.7071,-9.3571 0.7660,-9.2928 0.8192,-9.2236 0.8660,-9.1500 0.9063,-9.0726 0.9397,-8.9920 0.9659,-8.9088 0.9848,-8.8236 0.9962,-8.7372 1.0000,-8.6500 0.9962,-8.5628 0.9848,-8.4764 0.9659,-8.3912 0.9397,-8.3080 0.9063,-8.2274 0.8660,-8.1500 0.8192,-8.0764 0.7660,-8.0072 0.7071,-7.9429 0.6428,-7.8840 0.5736,-7.8308 0.5000,-7.7840 0.4226,-7.7437 0.3420,-7.7103 0.2588,-7.6841 0.1736,-7.6652 0.0872,-7.6538 0.0000,-7.6500;
SAVE;
