UNITS MM,10000;
EDIT proj;
ADD P1 :W0.000000  6.1259,3.5000 6.1259,4.0138 5.6259,4.0138 5.6259,3.5000;
ADD P1 :W0.000000  7.0621,4.9500 7.0622,4.9500 7.0622,5.4500 7.0621,5.4500 6.9369,5.4445 6.8127,5.4282 6.6904,5.4011 6.5709,5.3634 6.4551,5.3154 6.3440,5.2576 6.2383,5.1903 6.1389,5.1140 6.0466,5.0293 5.9619,4.9370 5.8856,4.8376 5.8183,4.7319 5.7605,4.6208 5.7125,4.5050 5.6748,4.3855 5.6477,4.2632 5.6314,4.1390 5.6259,4.0138 5.6259,4.0137 6.1259,4.0137 6.1259,4.0138 6.1295,4.0954 6.1401,4.1764 6.1578,4.2561 6.1824,4.3340 6.2136,4.4095 6.2513,4.4819 6.2952,4.5508 6.3449,4.6156 6.4001,4.6758 6.4603,4.7310 6.5251,4.7807 6.5940,4.8246 6.6664,4.8623 6.7419,4.8935 6.8198,4.9181 6.8995,4.9358 6.9805,4.9464;
ADD P1 :W0.000000  6.1259,6.3862 6.1259,6.3863 5.6259,6.3863 5.6259,6.3862 5.6314,6.2610 5.6477,6.1368 5.6748,6.0145 5.7125,5.8950 5.7605,5.7792 5.8183,5.6681 5.8856,5.5624 5.9619,5.4630 6.0466,5.3707 6.1389,5.2860 6.2383,5.2097 6.3440,5.1424 6.4551,5.0846 6.5709,5.0366 6.6904,4.9989 6.8127,4.9718 6.9369,4.9555 7.0621,4.9500 7.0622,4.9500 7.0622,5.4500 7.0621,5.4500 6.9805,5.4536 6.8995,5.4642 6.8198,5.4819 6.7419,5.5065 6.6664,5.5377 6.5940,5.5754 6.5251,5.6193 6.4603,5.6690 6.4001,5.7242 6.3449,5.7844 6.2952,5.8492 6.2513,5.9181 6.2136,5.9905 6.1824,6.0660 6.1578,6.1439 6.1401,6.2236 6.1295,6.3046;
ADD P1 :W0.000000  6.1259,6.3862 6.1259,6.9000 5.6259,6.9000 5.6259,6.3862;
ADD P1 :W0.000000  7.2983,7.0000 7.2983,6.9000 7.7983,6.9000 7.7983,7.0000;
ADD P1 :W0.000000  6.6339,7.0000 6.6339,6.9000 6.7903,6.9000 6.7903,7.0000;
ADD P1 :W0.000000  5.6259,7.0000 5.6259,6.9000 6.1259,6.9000 6.1259,7.0000;
ADD P1 :W0.000000  5.6259,7.0000 5.6259,6.9999 6.1259,6.9999 6.1259,7.0000 6.1230,7.0666 6.1143,7.1326 6.0999,7.1977 6.0798,7.2612 6.0543,7.3228 6.0236,7.3819 5.9878,7.4381 5.9472,7.4910 5.9022,7.5401 5.8531,7.5851 5.8002,7.6257 5.7440,7.6615 5.6849,7.6922 5.6233,7.7177 5.5598,7.7378 5.4947,7.7522 5.4287,7.7609 5.3621,7.7638 5.3620,7.7638 5.3620,7.2638 5.3621,7.2638 5.3851,7.2628 5.4079,7.2598 5.4304,7.2548 5.4523,7.2479 5.4736,7.2391 5.4940,7.2285 5.5134,7.2161 5.5317,7.2021 5.5486,7.1865 5.5642,7.1696 5.5782,7.1513 5.5906,7.1319 5.6012,7.1115 5.6100,7.0902 5.6169,7.0683 5.6219,7.0458 5.6249,7.0230;
ADD P1 :W0.000000  5.3621,7.7638 4.8621,7.7638 4.8621,7.2638 5.3621,7.2638;
ADD P1 :W0.000000  5.3621,8.4282 4.8621,8.4282 4.8621,8.2718 5.3621,8.2718;
ADD P1 :W0.000000  5.3621,9.4362 4.8621,9.4362 4.8621,8.9362 5.3621,8.9362;
ADD P1 :W0.000000  4.8621,8.2718 4.8622,8.2718 4.8622,8.4282 4.8621,8.4282 4.7376,8.4228 4.6141,8.4065 4.4925,8.3795 4.3736,8.3421 4.2585,8.2944 4.1480,8.2369 4.0429,8.1699 3.9441,8.0941 3.8522,8.0099 3.7680,7.9180 3.6922,7.8192 3.6252,7.7141 3.5677,7.6036 3.5200,7.4885 3.4826,7.3696 3.4556,7.2480 3.4393,7.1245 3.4339,7.0000 3.4339,6.9999 3.5903,6.9999 3.5903,7.0000 3.5951,7.1108 3.6096,7.2208 3.6336,7.3292 3.6670,7.4350 3.7095,7.5375 3.7607,7.6359 3.8203,7.7295 3.8878,7.8175 3.9628,7.8993 4.0446,7.9743 4.1326,8.0418 4.2262,8.1014 4.3246,8.1526 4.4271,8.1951 4.5329,8.2285 4.6413,8.2525 4.7513,8.2670;
ADD P1 :W0.000000  4.0983,7.0000 4.0983,6.9000 4.5983,6.9000 4.5983,7.0000;
ADD P1 :W0.000000  3.4339,7.0000 3.4339,6.9000 3.5903,6.9000 3.5903,7.0000;
ADD P1 :W0.000000  2.4259,7.0000 2.4259,6.9000 2.9259,6.9000 2.9259,7.0000;
ADD P1 :W0.000000  4.8621,7.2638 4.8622,7.2638 4.8622,7.7638 4.8621,7.7638 4.7955,7.7609 4.7295,7.7522 4.6644,7.7378 4.6009,7.7177 4.5393,7.6922 4.4802,7.6615 4.4240,7.6257 4.3711,7.5851 4.3220,7.5401 4.2770,7.4910 4.2364,7.4381 4.2006,7.3819 4.1699,7.3228 4.1444,7.2612 4.1243,7.1977 4.1099,7.1326 4.1012,7.0666 4.0983,7.0000 4.0983,6.9999 4.5983,6.9999 4.5983,7.0000 4.5993,7.0230 4.6023,7.0458 4.6073,7.0683 4.6142,7.0902 4.6230,7.1115 4.6336,7.1319 4.6460,7.1513 4.6600,7.1696 4.6756,7.1865 4.6925,7.2021 4.7108,7.2161 4.7302,7.2285 4.7506,7.2391 4.7719,7.2479 4.7938,7.2548 4.8163,7.2598 4.8391,7.2628;
ADD P1 :W0.000000  4.8621,8.9362 4.8622,8.9362 4.8622,9.4362 4.8621,9.4362 4.6498,9.4269 4.4391,9.3992 4.2316,9.3532 4.0289,9.2893 3.8325,9.2079 3.6440,9.1098 3.4648,8.9956 3.2961,8.8662 3.1394,8.7227 2.9959,8.5660 2.8665,8.3973 2.7523,8.2181 2.6542,8.0296 2.5728,7.8332 2.5089,7.6305 2.4629,7.4230 2.4352,7.2123 2.4259,7.0000 2.4259,6.9999 2.9259,6.9999 2.9259,7.0000 2.9333,7.1688 2.9553,7.3362 2.9919,7.5011 3.0427,7.6622 3.1073,7.8183 3.1853,7.9681 3.2761,8.1106 3.3789,8.2446 3.4930,8.3691 3.6175,8.4832 3.7515,8.5860 3.8940,8.6768 4.0438,8.7548 4.1999,8.8194 4.3610,8.8702 4.5259,8.9068 4.6933,8.9288;
ADD P1 :W0.000000  2.1621,6.6362 2.1620,6.6362 2.1620,6.1362 2.1621,6.1362 2.2287,6.1391 2.2947,6.1478 2.3598,6.1622 2.4233,6.1823 2.4849,6.2078 2.5440,6.2385 2.6002,6.2743 2.6531,6.3149 2.7022,6.3599 2.7472,6.4090 2.7878,6.4619 2.8236,6.5181 2.8543,6.5772 2.8798,6.6388 2.8999,6.7023 2.9143,6.7674 2.9230,6.8334 2.9259,6.9000 2.9259,6.9001 2.4259,6.9001 2.4259,6.9000 2.4249,6.8770 2.4219,6.8542 2.4169,6.8317 2.4100,6.8098 2.4012,6.7885 2.3906,6.7681 2.3782,6.7487 2.3642,6.7304 2.3486,6.7135 2.3317,6.6979 2.3134,6.6839 2.2940,6.6715 2.2736,6.6609 2.2523,6.6521 2.2304,6.6452 2.2079,6.6402 2.1851,6.6372;
ADD P1 :W0.000000  2.1621,5.6282 2.1620,5.6282 2.1620,5.4718 2.1621,5.4718 2.2866,5.4772 2.4101,5.4935 2.5317,5.5205 2.6506,5.5579 2.7657,5.6056 2.8762,5.6631 2.9813,5.7301 3.0801,5.8059 3.1720,5.8901 3.2562,5.9820 3.3320,6.0808 3.3990,6.1859 3.4565,6.2964 3.5042,6.4115 3.5416,6.5304 3.5686,6.6520 3.5849,6.7755 3.5903,6.9000 3.5903,6.9001 3.4339,6.9001 3.4339,6.9000 3.4291,6.7892 3.4146,6.6792 3.3906,6.5708 3.3572,6.4650 3.3147,6.3625 3.2635,6.2641 3.2039,6.1705 3.1364,6.0825 3.0614,6.0007 2.9796,5.9257 2.8916,5.8582 2.7980,5.7986 2.6996,5.7474 2.5971,5.7049 2.4913,5.6715 2.3829,5.6475 2.2729,5.6330;
ADD P1 :W0.000000  2.0621,5.4718 2.1621,5.4718 2.1621,5.6282 2.0621,5.6282;
ADD P1 :W0.000000  2.0621,5.1218 2.1621,5.1218 2.1621,5.2782 2.0621,5.2782;
ADD P1 :W0.000000  2.0621,4.7718 2.1621,4.7718 2.1621,4.9282 2.0621,4.9282;
ADD P1 :W0.000000  3.4339,3.5000 3.4339,3.4999 3.5903,3.4999 3.5903,3.5000 3.5849,3.6245 3.5686,3.7480 3.5416,3.8696 3.5042,3.9885 3.4565,4.1036 3.3990,4.2141 3.3320,4.3192 3.2562,4.4180 3.1720,4.5099 3.0801,4.5941 2.9813,4.6699 2.8762,4.7369 2.7657,4.7944 2.6506,4.8421 2.5317,4.8795 2.4101,4.9065 2.2866,4.9228 2.1621,4.9282 2.1620,4.9282 2.1620,4.7718 2.1621,4.7718 2.2729,4.7670 2.3829,4.7525 2.4913,4.7285 2.5971,4.6951 2.6996,4.6526 2.7980,4.6014 2.8916,4.5418 2.9796,4.4743 3.0614,4.3993 3.1364,4.3175 3.2039,4.2295 3.2635,4.1359 3.3147,4.0375 3.3572,3.9350 3.3906,3.8292 3.4146,3.7208 3.4291,3.6108;
ADD P1 :W0.000000  2.9259,3.2600 2.9259,3.5000 2.4259,3.5000 2.4259,3.2600;
ADD P1 :W0.000000  3.5903,3.2600 3.5903,3.5000 3.4339,3.5000 3.4339,3.2600;
ADD P1 :W0.000000  4.5983,3.2600 4.5983,3.5000 4.0983,3.5000 4.0983,3.2600;
ADD P1 :W0.000000  2.9259,3.2600 2.9259,3.2601 2.4259,3.2601 2.4259,3.2600 2.4352,3.0477 2.4629,2.8370 2.5089,2.6295 2.5728,2.4268 2.6542,2.2304 2.7523,2.0419 2.8665,1.8627 2.9959,1.6940 3.1394,1.5373 3.2961,1.3938 3.4648,1.2644 3.6440,1.1502 3.8325,1.0521 4.0289,0.9707 4.2316,0.9068 4.4391,0.8608 4.6498,0.8331 4.8621,0.8238 4.8622,0.8238 4.8622,1.3238 4.8621,1.3238 4.6933,1.3312 4.5259,1.3532 4.3610,1.3898 4.1999,1.4406 4.0438,1.5052 3.8940,1.5832 3.7515,1.6740 3.6175,1.7768 3.4930,1.8909 3.3789,2.0154 3.2761,2.1494 3.1853,2.2919 3.1073,2.4417 3.0427,2.5978 2.9919,2.7589 2.9553,2.9238 2.9333,3.0912;
ADD P1 :W0.000000  4.8621,2.4962 5.3621,2.4962 5.3621,2.9962 4.8621,2.9962;
ADD P1 :W0.000000  4.8621,1.8318 5.3621,1.8318 5.3621,1.9882 4.8621,1.9882;
ADD P1 :W0.000000  4.8621,0.8238 5.3621,0.8238 5.3621,1.3238 4.8621,1.3238;
ADD P1 :W0.000000  4.5983,3.2600 4.5983,3.2601 4.0983,3.2601 4.0983,3.2600 4.1012,3.1934 4.1099,3.1274 4.1243,3.0623 4.1444,2.9988 4.1699,2.9372 4.2006,2.8781 4.2364,2.8219 4.2770,2.7690 4.3220,2.7199 4.3711,2.6749 4.4240,2.6343 4.4802,2.5985 4.5393,2.5678 4.6009,2.5423 4.6644,2.5222 4.7295,2.5078 4.7955,2.4991 4.8621,2.4962 4.8622,2.4962 4.8622,2.9962 4.8621,2.9962 4.8391,2.9972 4.8163,3.0002 4.7938,3.0052 4.7719,3.0121 4.7506,3.0209 4.7302,3.0315 4.7108,3.0439 4.6925,3.0579 4.6756,3.0735 4.6600,3.0904 4.6460,3.1087 4.6336,3.1281 4.6230,3.1485 4.6142,3.1698 4.6073,3.1917 4.6023,3.2142 4.5993,3.2370;
ADD P1 :W0.000000  3.5903,3.2600 3.5903,3.2601 3.4339,3.2601 3.4339,3.2600 3.4393,3.1355 3.4556,3.0120 3.4826,2.8904 3.5200,2.7715 3.5677,2.6564 3.6252,2.5459 3.6922,2.4408 3.7680,2.3420 3.8522,2.2501 3.9441,2.1659 4.0429,2.0901 4.1480,2.0231 4.2585,1.9656 4.3736,1.9179 4.4925,1.8805 4.6141,1.8535 4.7376,1.8372 4.8621,1.8318 4.8622,1.8318 4.8622,1.9882 4.8621,1.9882 4.7513,1.9930 4.6413,2.0075 4.5329,2.0315 4.4271,2.0649 4.3246,2.1074 4.2262,2.1586 4.1326,2.2182 4.0446,2.2857 3.9628,2.3607 3.8878,2.4425 3.8203,2.5305 3.7607,2.6241 3.7095,2.7225 3.6670,2.8250 3.6336,2.9308 3.6096,3.0392 3.5951,3.1492;
ADD P1 :W0.000000  5.3621,1.3238 5.3620,1.3238 5.3620,0.8238 5.3621,0.8238 5.5744,0.8331 5.7851,0.8608 5.9926,0.9068 6.1953,0.9707 6.3917,1.0521 6.5802,1.1502 6.7594,1.2644 6.9281,1.3938 7.0848,1.5373 7.2283,1.6940 7.3577,1.8627 7.4719,2.0419 7.5700,2.2304 7.6514,2.4268 7.7153,2.6295 7.7613,2.8370 7.7890,3.0477 7.7983,3.2600 7.7983,3.2601 7.2983,3.2601 7.2983,3.2600 7.2909,3.0912 7.2689,2.9238 7.2323,2.7589 7.1815,2.5978 7.1169,2.4417 7.0389,2.2919 6.9481,2.1494 6.8453,2.0154 6.7312,1.8909 6.6067,1.7768 6.4727,1.6740 6.3302,1.5832 6.1804,1.5052 6.0243,1.4406 5.8632,1.3898 5.6983,1.3532 5.5309,1.3312;
ADD P1 :W0.000000  6.1259,3.2600 6.1259,3.5000 5.6259,3.5000 5.6259,3.2600;
ADD P1 :W0.000000  6.7903,3.2600 6.7903,3.5000 6.6339,3.5000 6.6339,3.2600;
ADD P1 :W0.000000  7.7983,3.2600 7.7983,3.5000 7.2983,3.5000 7.2983,3.2600;
ADD P1 :W0.000000  5.3621,2.9962 5.3620,2.9962 5.3620,2.4962 5.3621,2.4962 5.4287,2.4991 5.4947,2.5078 5.5598,2.5222 5.6233,2.5423 5.6849,2.5678 5.7440,2.5985 5.8002,2.6343 5.8531,2.6749 5.9022,2.7199 5.9472,2.7690 5.9878,2.8219 6.0236,2.8781 6.0543,2.9372 6.0798,2.9988 6.0999,3.0623 6.1143,3.1274 6.1230,3.1934 6.1259,3.2600 6.1259,3.2601 5.6259,3.2601 5.6259,3.2600 5.6249,3.2370 5.6219,3.2142 5.6169,3.1917 5.6100,3.1698 5.6012,3.1485 5.5906,3.1281 5.5782,3.1087 5.5642,3.0904 5.5486,3.0735 5.5317,3.0579 5.5134,3.0439 5.4940,3.0315 5.4736,3.0209 5.4523,3.0121 5.4304,3.0052 5.4079,3.0002 5.3851,2.9972;
ADD P1 :W0.000000  5.3621,1.9882 5.3620,1.9882 5.3620,1.8318 5.3621,1.8318 5.4866,1.8372 5.6101,1.8535 5.7317,1.8805 5.8506,1.9179 5.9657,1.9656 6.0762,2.0231 6.1813,2.0901 6.2801,2.1659 6.3720,2.2501 6.4562,2.3420 6.5320,2.4408 6.5990,2.5459 6.6565,2.6564 6.7042,2.7715 6.7416,2.8904 6.7686,3.0120 6.7849,3.1355 6.7903,3.2600 6.7903,3.2601 6.6339,3.2601 6.6339,3.2600 6.6291,3.1492 6.6146,3.0392 6.5906,2.9308 6.5572,2.8250 6.5147,2.7225 6.4635,2.6241 6.4039,2.5305 6.3364,2.4425 6.2614,2.3607 6.1796,2.2857 6.0916,2.2182 5.9980,2.1586 5.8996,2.1074 5.7971,2.0649 5.6913,2.0315 5.5829,2.0075 5.4729,1.9930;
ADD P1 :W0.000000  8.0621,3.7638 8.0622,3.7638 8.0622,4.2638 8.0621,4.2638 7.9955,4.2609 7.9295,4.2522 7.8644,4.2378 7.8009,4.2177 7.7393,4.1922 7.6802,4.1615 7.6240,4.1257 7.5711,4.0851 7.5220,4.0401 7.4770,3.9910 7.4364,3.9381 7.4006,3.8819 7.3699,3.8228 7.3444,3.7612 7.3243,3.6977 7.3099,3.6326 7.3012,3.5666 7.2983,3.5000 7.2983,3.4999 7.7983,3.4999 7.7983,3.5000 7.7993,3.5230 7.8023,3.5458 7.8073,3.5683 7.8142,3.5902 7.8230,3.6115 7.8336,3.6319 7.8460,3.6513 7.8600,3.6696 7.8756,3.6865 7.8925,3.7021 7.9108,3.7161 7.9302,3.7285 7.9506,3.7391 7.9719,3.7479 7.9938,3.7548 8.0163,3.7598 8.0391,3.7628;
ADD P1 :W0.000000  8.0621,4.7718 8.0622,4.7718 8.0622,4.9282 8.0621,4.9282 7.9376,4.9228 7.8141,4.9065 7.6925,4.8795 7.5736,4.8421 7.4585,4.7944 7.3480,4.7369 7.2429,4.6699 7.1441,4.5941 7.0522,4.5099 6.9680,4.4180 6.8922,4.3192 6.8252,4.2141 6.7677,4.1036 6.7200,3.9885 6.6826,3.8696 6.6556,3.7480 6.6393,3.6245 6.6339,3.5000 6.6339,3.4999 6.7903,3.4999 6.7903,3.5000 6.7951,3.6108 6.8096,3.7208 6.8336,3.8292 6.8670,3.9350 6.9095,4.0375 6.9607,4.1359 7.0203,4.2295 7.0878,4.3175 7.1628,4.3993 7.2446,4.4743 7.3326,4.5418 7.4262,4.6014 7.5246,4.6526 7.6271,4.6951 7.7329,4.7285 7.8413,4.7525 7.9513,4.7670;
ADD P1 :W0.000000  8.1621,4.9282 8.0621,4.9282 8.0621,4.7718 8.1621,4.7718;
ADD P1 :W0.000000  8.1621,5.2782 8.0621,5.2782 8.0621,5.1218 8.1621,5.1218;
ADD P1 :W0.000000  8.1621,5.6282 8.0621,5.6282 8.0621,5.4718 8.1621,5.4718;
ADD P1 :W0.000000  6.7903,6.9000 6.7903,6.9001 6.6339,6.9001 6.6339,6.9000 6.6393,6.7755 6.6556,6.6520 6.6826,6.5304 6.7200,6.4115 6.7677,6.2964 6.8252,6.1859 6.8922,6.0808 6.9680,5.9820 7.0522,5.8901 7.1441,5.8059 7.2429,5.7301 7.3480,5.6631 7.4585,5.6056 7.5736,5.5579 7.6925,5.5205 7.8141,5.4935 7.9376,5.4772 8.0621,5.4718 8.0622,5.4718 8.0622,5.6282 8.0621,5.6282 7.9513,5.6330 7.8413,5.6475 7.7329,5.6715 7.6271,5.7049 7.5246,5.7474 7.4262,5.7986 7.3326,5.8582 7.2446,5.9257 7.1628,6.0007 7.0878,6.0825 7.0203,6.1705 6.9607,6.2641 6.9095,6.3625 6.8670,6.4650 6.8336,6.5708 6.8096,6.6792 6.7951,6.7892;
ADD P1 :W0.000000  7.8121,5.1218 8.0621,5.1218 8.0621,5.2782 7.8121,5.2782;
ADD P1 :W0.000000  7.0621,5.4500 7.0621,4.9500 7.8121,5.1218 7.8121,5.2782;
ADD P1 :W0.000000  4.5983,3.5000 4.5983,4.0138 4.0983,4.0138 4.0983,3.5000;
ADD P1 :W0.000000  4.0983,4.0138 4.0983,4.0137 4.5983,4.0137 4.5983,4.0138 4.5928,4.1390 4.5765,4.2632 4.5494,4.3855 4.5117,4.5050 4.4637,4.6208 4.4059,4.7319 4.3386,4.8376 4.2623,4.9370 4.1776,5.0293 4.0853,5.1140 3.9859,5.1903 3.8802,5.2576 3.7691,5.3154 3.6533,5.3634 3.5338,5.4011 3.4115,5.4282 3.2873,5.4445 3.1621,5.4500 3.1620,5.4500 3.1620,4.9500 3.1621,4.9500 3.2437,4.9464 3.3247,4.9358 3.4044,4.9181 3.4823,4.8935 3.5578,4.8623 3.6302,4.8246 3.6991,4.7807 3.7639,4.7310 3.8241,4.6758 3.8793,4.6156 3.9290,4.5508 3.9729,4.4819 4.0106,4.4095 4.0418,4.3340 4.0664,4.2561 4.0841,4.1764 4.0947,4.0954;
ADD P1 :W0.000000  3.1621,4.9500 3.1621,5.4500 2.4121,5.2782 2.4121,5.1218;
ADD P1 :W0.000000  2.4121,5.2782 2.1621,5.2782 2.1621,5.1218 2.4121,5.1218;
ADD P1 :W0.000000  3.1621,5.4500 3.1620,5.4500 3.1620,4.9500 3.1621,4.9500 3.2873,4.9555 3.4115,4.9718 3.5338,4.9989 3.6533,5.0366 3.7691,5.0846 3.8802,5.1424 3.9859,5.2097 4.0853,5.2860 4.1776,5.3707 4.2623,5.4630 4.3386,5.5624 4.4059,5.6681 4.4637,5.7792 4.5117,5.8950 4.5494,6.0145 4.5765,6.1368 4.5928,6.2610 4.5983,6.3862 4.5983,6.3863 4.0983,6.3863 4.0983,6.3862 4.0947,6.3046 4.0841,6.2236 4.0664,6.1439 4.0418,6.0660 4.0106,5.9905 3.9729,5.9181 3.9290,5.8492 3.8793,5.7844 3.8241,5.7242 3.7639,5.6690 3.6991,5.6193 3.6302,5.5754 3.5578,5.5377 3.4823,5.5065 3.4044,5.4819 3.3247,5.4642 3.2437,5.4536;
ADD P1 :W0.000000  4.5983,6.3862 4.5983,6.9000 4.0983,6.9000 4.0983,6.3862;
ADD P1 :W0.000000  2.4259,3.5000 2.4259,3.4999 2.9259,3.4999 2.9259,3.5000 2.9230,3.5666 2.9143,3.6326 2.8999,3.6977 2.8798,3.7612 2.8543,3.8228 2.8236,3.8819 2.7878,3.9381 2.7472,3.9910 2.7022,4.0401 2.6531,4.0851 2.6002,4.1257 2.5440,4.1615 2.4849,4.1922 2.4233,4.2177 2.3598,4.2378 2.2947,4.2522 2.2287,4.2609 2.1621,4.2638 2.1620,4.2638 2.1620,3.7638 2.1621,3.7638 2.1851,3.7628 2.2079,3.7598 2.2304,3.7548 2.2523,3.7479 2.2736,3.7391 2.2940,3.7285 2.3134,3.7161 2.3317,3.7021 2.3486,3.6865 2.3642,3.6696 2.3782,3.6513 2.3906,3.6319 2.4012,3.6115 2.4100,3.5902 2.4169,3.5683 2.4219,3.5458 2.4249,3.5230;
ADD P1 :W0.000000  7.2983,7.0000 7.2983,6.9999 7.7983,6.9999 7.7983,7.0000 7.7890,7.2123 7.7613,7.4230 7.7153,7.6305 7.6514,7.8332 7.5700,8.0296 7.4719,8.2181 7.3577,8.3973 7.2283,8.5660 7.0848,8.7227 6.9281,8.8662 6.7594,8.9956 6.5802,9.1098 6.3917,9.2079 6.1953,9.2893 5.9926,9.3532 5.7851,9.3992 5.5744,9.4269 5.3621,9.4362 5.3620,9.4362 5.3620,8.9362 5.3621,8.9362 5.5309,8.9288 5.6983,8.9068 5.8632,8.8702 6.0243,8.8194 6.1804,8.7548 6.3302,8.6768 6.4727,8.5860 6.6067,8.4832 6.7312,8.3691 6.8453,8.2446 6.9481,8.1106 7.0389,7.9681 7.1169,7.8183 7.1815,7.6622 7.2323,7.5011 7.2689,7.3362 7.2909,7.1688;
ADD P1 :W0.000000  6.6339,7.0000 6.6339,6.9999 6.7903,6.9999 6.7903,7.0000 6.7849,7.1245 6.7686,7.2480 6.7416,7.3696 6.7042,7.4885 6.6565,7.6036 6.5990,7.7141 6.5320,7.8192 6.4562,7.9180 6.3720,8.0099 6.2801,8.0941 6.1813,8.1699 6.0762,8.2369 5.9657,8.2944 5.8506,8.3421 5.7317,8.3795 5.6101,8.4065 5.4866,8.4228 5.3621,8.4282 5.3620,8.4282 5.3620,8.2718 5.3621,8.2718 5.4729,8.2670 5.5829,8.2525 5.6913,8.2285 5.7971,8.1951 5.8996,8.1526 5.9980,8.1014 6.0916,8.0418 6.1796,7.9743 6.2614,7.8993 6.3364,7.8175 6.4039,7.7295 6.4635,7.6359 6.5147,7.5375 6.5572,7.4350 6.5906,7.3292 6.6146,7.2208 6.6291,7.1108;
ADD P1 :W0.000000  7.7983,6.9000 7.7983,6.9001 7.2983,6.9001 7.2983,6.9000 7.3012,6.8334 7.3099,6.7674 7.3243,6.7023 7.3444,6.6388 7.3699,6.5772 7.4006,6.5181 7.4364,6.4619 7.4770,6.4090 7.5220,6.3599 7.5711,6.3149 7.6240,6.2743 7.6802,6.2385 7.7393,6.2078 7.8009,6.1823 7.8644,6.1622 7.9295,6.1478 7.9955,6.1391 8.0621,6.1362 8.0622,6.1362 8.0622,6.6362 8.0621,6.6362 8.0391,6.6372 8.0163,6.6402 7.9938,6.6452 7.9719,6.6521 7.9506,6.6609 7.9302,6.6715 7.9108,6.6839 7.8925,6.6979 7.8756,6.7135 7.8600,6.7304 7.8460,6.7487 7.8336,6.7681 7.8230,6.7885 7.8142,6.8098 7.8073,6.8317 7.8023,6.8542 7.7993,6.8770;
ADD P1 :W0.000000  11.1621,5.7738 16.1621,5.7738 16.1621,6.2738 11.1621,6.2738;
ADD P1 :W0.000000  11.1621,5.1094 16.1621,5.1094 16.1621,5.2658 11.1621,5.2658;
ADD P1 :W0.000000  11.1621,4.1014 16.1621,4.1014 16.1621,4.6014 11.1621,4.6014;
SAVE;
