UNITS MM,10000;
EDIT proj;
ADD P2 :W0.000000  -20.8390,-3.8900 -20.8390,2.4300 0.9810,2.4300 0.9810,-3.8900;
ADD P2 :W0.000000  0.9810,-3.8900 -20.8390,-3.8900 -20.8390,-23.8100 0.9810,-23.8100;
ADD P2 :W0.000000  7.3010,-3.8900 7.3010,-23.8100 0.9810,-23.8100 0.9810,-3.8900;
ADD P2 :W0.000000  7.3010,-3.8900 7.3010,-23.8100 16.9410,-23.8100 16.9410,-3.8900;
ADD P2 :W0.000000  16.9410,-3.8900 7.3010,-3.8900 7.3010,2.4300 16.9410,2.4300;
ADD P2 :W0.000000  7.3010,2.4300 16.9410,2.4300 16.9410,22.3500 7.3010,22.3500;
ADD P2 :W0.000000  7.3010,22.3500 7.3010,2.4300 0.9810,2.4300 0.9810,22.3500;
ADD P2 :W0.000000  0.9810,2.4300 0.9810,22.3500 -20.8390,22.3500 -20.8390,2.4300;
ADD P5 :W0.000000  4.1410,-1.1120 4.1410,-1.1300 4.1759,-1.1285 4.2105,-1.1239 4.2445,-1.1164 4.2778,-1.1059 4.3100,-1.0925 4.3410,-1.0764 4.3704,-1.0577 4.3981,-1.0364 4.4238,-1.0128 4.4474,-0.9871 4.4687,-0.9594 4.4874,-0.9300 4.5035,-0.8990 4.5169,-0.8668 4.5274,-0.8335 4.5349,-0.7995 4.5395,-0.7649 4.5410,-0.7300 4.5395,-0.6951 4.5349,-0.6605 4.5274,-0.6265 4.5169,-0.5932 4.5035,-0.5610 4.4874,-0.5300 4.4687,-0.5006 4.4474,-0.4729 4.4238,-0.4472 4.3981,-0.4236 4.3704,-0.4023 4.3410,-0.3836 4.3100,-0.3675 4.2778,-0.3541 4.2445,-0.3436 4.2105,-0.3361 4.1759,-0.3315 4.1410,-0.3300 4.1061,-0.3315 4.0715,-0.3361 4.0375,-0.3436 4.0042,-0.3541 3.9720,-0.3675 3.9410,-0.3836 3.9116,-0.4023 3.8839,-0.4236 3.8582,-0.4472 3.8346,-0.4729 3.8133,-0.5006 3.7946,-0.5300 3.7785,-0.5610 3.7651,-0.5932 3.7546,-0.6265 3.7471,-0.6605 3.7425,-0.6951 3.7410,-0.7300 3.7425,-0.7649 3.7471,-0.7995 3.7546,-0.8335 3.7651,-0.8668 3.7785,-0.8990 3.7946,-0.9300 3.8133,-0.9594 3.8346,-0.9871 3.8582,-1.0128 3.8839,-1.0364 3.9116,-1.0577 3.9410,-1.0764 3.9720,-1.0925 4.0042,-1.1059 4.0375,-1.1164 4.0715,-1.1239 4.1061,-1.1285 4.1410,-1.1300 4.1410,-1.1120 4.1077,-1.1105 4.0747,-1.1062 4.0421,-1.0990 4.0103,-1.0890 3.9796,-1.0762 3.9500,-1.0608 3.9219,-1.0429 3.8955,-1.0226 3.8709,-1.0001 3.8484,-0.9755 3.8281,-0.9491 3.8102,-0.9210 3.7948,-0.8914 3.7820,-0.8607 3.7720,-0.8289 3.7648,-0.7963 3.7605,-0.7633 3.7590,-0.7300 3.7605,-0.6967 3.7648,-0.6637 3.7720,-0.6311 3.7820,-0.5993 3.7948,-0.5686 3.8102,-0.5390 3.8281,-0.5109 3.8484,-0.4845 3.8709,-0.4599 3.8955,-0.4374 3.9219,-0.4171 3.9500,-0.3992 3.9796,-0.3838 4.0103,-0.3710 4.0421,-0.3610 4.0747,-0.3538 4.1077,-0.3495 4.1410,-0.3480 4.1743,-0.3495 4.2073,-0.3538 4.2399,-0.3610 4.2717,-0.3710 4.3024,-0.3838 4.3320,-0.3992 4.3601,-0.4171 4.3865,-0.4374 4.4111,-0.4599 4.4336,-0.4845 4.4539,-0.5109 4.4718,-0.5390 4.4872,-0.5686 4.5000,-0.5993 4.5100,-0.6311 4.5172,-0.6637 4.5215,-0.6967 4.5230,-0.7300 4.5215,-0.7633 4.5172,-0.7963 4.5100,-0.8289 4.5000,-0.8607 4.4872,-0.8914 4.4718,-0.9210 4.4539,-0.9491 4.4336,-0.9755 4.4111,-1.0001 4.3865,-1.0226 4.3601,-1.0429 4.3320,-1.0608 4.3024,-1.0762 4.2717,-1.0890 4.2399,-1.0990 4.2073,-1.1062 4.1743,-1.1105 4.1410,-1.1120 4.1410,-1.1300;
ADD P1 :W0.000000  3.3410,-0.7300 3.7410,-0.7300 3.7425,-0.6951 3.7471,-0.6605 3.7546,-0.6265 3.7651,-0.5932 3.7785,-0.5610 3.7946,-0.5300 3.8133,-0.5006 3.8346,-0.4729 3.8582,-0.4472 3.8839,-0.4236 3.9116,-0.4023 3.9410,-0.3836 3.9720,-0.3675 4.0042,-0.3541 4.0375,-0.3436 4.0715,-0.3361 4.1061,-0.3315 4.1410,-0.3300 4.1759,-0.3315 4.2105,-0.3361 4.2445,-0.3436 4.2778,-0.3541 4.3100,-0.3675 4.3410,-0.3836 4.3704,-0.4023 4.3981,-0.4236 4.4238,-0.4472 4.4474,-0.4729 4.4687,-0.5006 4.4874,-0.5300 4.5035,-0.5610 4.5169,-0.5932 4.5274,-0.6265 4.5349,-0.6605 4.5395,-0.6951 4.5410,-0.7300 4.9410,-0.7300 4.9380,-0.6603 4.9288,-0.5911 4.9137,-0.5229 4.8928,-0.4564 4.8660,-0.3919 4.8338,-0.3300 4.7963,-0.2711 4.7538,-0.2158 4.7067,-0.1643 4.6552,-0.1172 4.5999,-0.0747 4.5410,-0.0372 4.4791,-0.0050 4.4146,0.0218 4.3481,0.0427 4.2799,0.0578 4.2107,0.0670 4.1410,0.0700 4.0713,0.0670 4.0021,0.0578 3.9339,0.0427 3.8674,0.0218 3.8029,-0.0050 3.7410,-0.0372 3.6821,-0.0747 3.6268,-0.1172 3.5753,-0.1643 3.5282,-0.2158 3.4857,-0.2711 3.4482,-0.3300 3.4160,-0.3919 3.3892,-0.4564 3.3683,-0.5229 3.3532,-0.5911 3.3440,-0.6603;
ADD P1 :W0.000000  3.3410,-0.7300 3.7410,-0.7300 3.7425,-0.7649 3.7471,-0.7995 3.7546,-0.8335 3.7651,-0.8668 3.7785,-0.8990 3.7946,-0.9300 3.8133,-0.9594 3.8346,-0.9871 3.8582,-1.0128 3.8839,-1.0364 3.9116,-1.0577 3.9410,-1.0764 3.9720,-1.0925 4.0042,-1.1059 4.0375,-1.1164 4.0715,-1.1239 4.1061,-1.1285 4.1410,-1.1300 4.1759,-1.1285 4.2105,-1.1239 4.2445,-1.1164 4.2778,-1.1059 4.3100,-1.0925 4.3410,-1.0764 4.3704,-1.0577 4.3981,-1.0364 4.4238,-1.0128 4.4474,-0.9871 4.4687,-0.9594 4.4874,-0.9300 4.5035,-0.8990 4.5169,-0.8668 4.5274,-0.8335 4.5349,-0.7995 4.5395,-0.7649 4.5410,-0.7300 4.9410,-0.7300 4.9380,-0.7997 4.9288,-0.8689 4.9137,-0.9371 4.8928,-1.0036 4.8660,-1.0681 4.8338,-1.1300 4.7963,-1.1889 4.7538,-1.2442 4.7067,-1.2957 4.6552,-1.3428 4.5999,-1.3853 4.5410,-1.4228 4.4791,-1.4550 4.4146,-1.4818 4.3481,-1.5027 4.2799,-1.5178 4.2107,-1.5270 4.1410,-1.5300 4.0713,-1.5270 4.0021,-1.5178 3.9339,-1.5027 3.8674,-1.4818 3.8029,-1.4550 3.7410,-1.4228 3.6821,-1.3853 3.6268,-1.3428 3.5753,-1.2957 3.5282,-1.2442 3.4857,-1.1889 3.4482,-1.1300 3.4160,-1.0681 3.3892,-1.0036 3.3683,-0.9371 3.3532,-0.8689 3.3440,-0.7997;
ADD P2 :W0.000000  3.3410,-0.7300 3.7410,-0.7300 3.7425,-0.6951 3.7471,-0.6605 3.7546,-0.6265 3.7651,-0.5932 3.7785,-0.5610 3.7946,-0.5300 3.8133,-0.5006 3.8346,-0.4729 3.8582,-0.4472 3.8839,-0.4236 3.9116,-0.4023 3.9410,-0.3836 3.9720,-0.3675 4.0042,-0.3541 4.0375,-0.3436 4.0715,-0.3361 4.1061,-0.3315 4.1410,-0.3300 4.1759,-0.3315 4.2105,-0.3361 4.2445,-0.3436 4.2778,-0.3541 4.3100,-0.3675 4.3410,-0.3836 4.3704,-0.4023 4.3981,-0.4236 4.4238,-0.4472 4.4474,-0.4729 4.4687,-0.5006 4.4874,-0.5300 4.5035,-0.5610 4.5169,-0.5932 4.5274,-0.6265 4.5349,-0.6605 4.5395,-0.6951 4.5410,-0.7300 4.9410,-0.7300 4.9380,-0.6603 4.9288,-0.5911 4.9137,-0.5229 4.8928,-0.4564 4.8660,-0.3919 4.8338,-0.3300 4.7963,-0.2711 4.7538,-0.2158 4.7067,-0.1643 4.6552,-0.1172 4.5999,-0.0747 4.5410,-0.0372 4.4791,-0.0050 4.4146,0.0218 4.3481,0.0427 4.2799,0.0578 4.2107,0.0670 4.1410,0.0700 4.0713,0.0670 4.0021,0.0578 3.9339,0.0427 3.8674,0.0218 3.8029,-0.0050 3.7410,-0.0372 3.6821,-0.0747 3.6268,-0.1172 3.5753,-0.1643 3.5282,-0.2158 3.4857,-0.2711 3.4482,-0.3300 3.4160,-0.3919 3.3892,-0.4564 3.3683,-0.5229 3.3532,-0.5911 3.3440,-0.6603;
ADD P2 :W0.000000  3.3410,-0.7300 3.7410,-0.7300 3.7425,-0.7649 3.7471,-0.7995 3.7546,-0.8335 3.7651,-0.8668 3.7785,-0.8990 3.7946,-0.9300 3.8133,-0.9594 3.8346,-0.9871 3.8582,-1.0128 3.8839,-1.0364 3.9116,-1.0577 3.9410,-1.0764 3.9720,-1.0925 4.0042,-1.1059 4.0375,-1.1164 4.0715,-1.1239 4.1061,-1.1285 4.1410,-1.1300 4.1759,-1.1285 4.2105,-1.1239 4.2445,-1.1164 4.2778,-1.1059 4.3100,-1.0925 4.3410,-1.0764 4.3704,-1.0577 4.3981,-1.0364 4.4238,-1.0128 4.4474,-0.9871 4.4687,-0.9594 4.4874,-0.9300 4.5035,-0.8990 4.5169,-0.8668 4.5274,-0.8335 4.5349,-0.7995 4.5395,-0.7649 4.5410,-0.7300 4.9410,-0.7300 4.9380,-0.7997 4.9288,-0.8689 4.9137,-0.9371 4.8928,-1.0036 4.8660,-1.0681 4.8338,-1.1300 4.7963,-1.1889 4.7538,-1.2442 4.7067,-1.2957 4.6552,-1.3428 4.5999,-1.3853 4.5410,-1.4228 4.4791,-1.4550 4.4146,-1.4818 4.3481,-1.5027 4.2799,-1.5178 4.2107,-1.5270 4.1410,-1.5300 4.0713,-1.5270 4.0021,-1.5178 3.9339,-1.5027 3.8674,-1.4818 3.8029,-1.4550 3.7410,-1.4228 3.6821,-1.3853 3.6268,-1.3428 3.5753,-1.2957 3.5282,-1.2442 3.4857,-1.1889 3.4482,-1.1300 3.4160,-1.0681 3.3892,-1.0036 3.3683,-0.9371 3.3532,-0.8689 3.3440,-0.7997;
ADD P1 :W0.000000  4.1410,-19.0100 -16.0390,-19.0100 -16.0390,17.5500 4.1410,17.5500;
ADD P1 :W0.000000  4.1410,17.5500 12.1410,17.5500 12.1410,-19.0100 4.1410,-19.0100;
SAVE;
