UNITS MM,10000;
EDIT proj;
ADD P2 :W0.000000  -23.8900,-1.6950 -23.8900,4.1450 -2.9200,4.1450 -2.9200,-1.6950;
ADD P2 :W0.000000  7.0610,4.1450 23.8900,4.1450 23.8900,29.3050 7.0610,29.3050;
ADD P2 :W0.000000  23.8900,-1.6950 7.0610,-1.6950 7.0610,4.1450 23.8900,4.1450;
ADD P2 :W0.000000  7.0610,-1.6950 7.0610,-26.8550 -2.9200,-26.8550 -2.9200,-1.6950;
ADD P1 :W0.000000  4.1410,19.5050 14.0900,19.5050 14.0900,-17.0550 4.1410,-17.0550;
ADD P2 :W0.000000  -2.9200,4.1450 -2.9200,29.3050 -23.8900,29.3050 -23.8900,4.1450;
ADD P2 :W0.000000  7.0610,-1.6950 7.0610,-26.8550 23.8900,-26.8550 23.8900,-1.6950;
ADD P1 :W0.000000  4.1410,-17.0550 -14.0900,-17.0550 -14.0900,19.5050 4.1410,19.5050;
ADD P2 :W0.000000  7.0610,29.3050 7.0610,4.1450 -2.9200,4.1450 -2.9200,29.3050;
ADD P2 :W0.000000  11.0850,-5.7000 11.0850,19.4600 -9.8850,19.4600 -9.8850,-5.7000;
ADD P2 :W0.000000  -2.9200,-1.6950 -23.8900,-1.6950 -23.8900,-26.8550 -2.9200,-26.8550;
SAVE;
