UNITS MM,10000;
EDIT proj;
ADD P2 :W0.000000  1.6000,-13.2800 -1.6000,-13.2800 -1.6000,-0.7000 1.6000,-0.7000;
ADD P2 :W0.000000  -1.6000,-0.7000 -30.9500,-0.7000 -30.9500,-13.2800 -1.6000,-13.2800;
ADD P2 :W0.000000  -30.9500,9.5000 -1.6000,9.5000 -1.6000,-0.7000 -30.9500,-0.7000;
ADD P2 :W0.000000  -1.6000,9.5000 -1.6000,47.9200 -30.9500,47.9200 -30.9500,9.5000;
ADD P2 :W0.000000  -1.6000,47.9200 1.6000,47.9200 1.6000,9.5000 -1.6000,9.5000;
ADD P2 :W0.000000  1.6000,9.5000 30.9500,9.5000 30.9500,47.9200 1.6000,47.9200;
ADD P2 :W0.000000  30.9500,-0.7000 1.6000,-0.7000 1.6000,9.5000 30.9500,9.5000;
ADD P2 :W0.000000  1.6000,-0.7000 1.6000,-13.2800 30.9500,-13.2800 30.9500,-0.7000;
ADD P2 :W0.000000  0.9000,6.9000 -0.9000,6.9000 -0.9000,7.9000 0.9000,7.9000;
ADD P2 :W0.000000  0.9000,0.0000 -0.9000,0.0000 -0.9000,6.5000 0.9000,6.5000;
ADD P5 :W0.000000  0.0000,8.1500 -0.0218,8.1490 -0.0434,8.1462 -0.0647,8.1415 -0.0855,8.1349 -0.1057,8.1266 -0.1250,8.1165 -0.1434,8.1048 -0.1607,8.0915 -0.1768,8.0768 -0.1915,8.0607 -0.2048,8.0434 -0.2165,8.0250 -0.2266,8.0057 -0.2349,7.9855 -0.2415,7.9647 -0.2462,7.9434 -0.2490,7.9218 -0.2500,7.9000 -0.2490,7.8782 -0.2462,7.8566 -0.2415,7.8353 -0.2349,7.8145 -0.2266,7.7943 -0.2165,7.7750 -0.2048,7.7566 -0.1915,7.7393 -0.1768,7.7232 -0.1607,7.7085 -0.1434,7.6952 -0.1250,7.6835 -0.1057,7.6734 -0.0855,7.6651 -0.0647,7.6585 -0.0434,7.6538 -0.0218,7.6510 0.0000,7.6500 0.0218,7.6510 0.0434,7.6538 0.0647,7.6585 0.0855,7.6651 0.1057,7.6734 0.1250,7.6835 0.1434,7.6952 0.1607,7.7085 0.1768,7.7232 0.1915,7.7393 0.2048,7.7566 0.2165,7.7750 0.2266,7.7943 0.2349,7.8145 0.2415,7.8353 0.2462,7.8566 0.2490,7.8782 0.2500,7.9000 0.2490,7.9218 0.2462,7.9434 0.2415,7.9647 0.2349,7.9855 0.2266,8.0057 0.2165,8.0250 0.2048,8.0434 0.1915,8.0607 0.1768,8.0768 0.1607,8.0915 0.1434,8.1048 0.1250,8.1165 0.1057,8.1266 0.0855,8.1349 0.0647,8.1415 0.0434,8.1462 0.0218,8.1490 0.0000,8.1500;
ADD P1 :W0.000000  0.0000,8.8000 -0.0784,8.7966 -0.1563,8.7863 -0.2329,8.7693 -0.3078,8.7457 -0.3804,8.7157 -0.4500,8.6794 -0.5162,8.6372 -0.5785,8.5894 -0.6364,8.5364 -0.6894,8.4785 -0.7372,8.4162 -0.7794,8.3500 -0.8157,8.2804 -0.8457,8.2078 -0.8693,8.1329 -0.8863,8.0563 -0.8966,7.9784 -0.9000,7.9000 -0.8966,7.8216 -0.8863,7.7437 -0.8693,7.6671 -0.8457,7.5922 -0.8157,7.5196 -0.7794,7.4500 -0.7372,7.3838 -0.6894,7.3215 -0.6364,7.2636 -0.5785,7.2106 -0.5162,7.1628 -0.4500,7.1206 -0.3804,7.0843 -0.3078,7.0543 -0.2329,7.0307 -0.1563,7.0137 -0.0784,7.0034 0.0000,7.0000 0.0784,7.0034 0.1563,7.0137 0.2329,7.0307 0.3078,7.0543 0.3804,7.0843 0.4500,7.1206 0.5162,7.1628 0.5785,7.2106 0.6364,7.2636 0.6894,7.3215 0.7372,7.3838 0.7794,7.4500 0.8157,7.5196 0.8457,7.5922 0.8693,7.6671 0.8863,7.7437 0.8966,7.8216 0.9000,7.9000 0.8966,7.9784 0.8863,8.0563 0.8693,8.1329 0.8457,8.2078 0.8157,8.2804 0.7794,8.3500 0.7372,8.4162 0.6894,8.4785 0.6364,8.5364 0.5785,8.5894 0.5162,8.6372 0.4500,8.6794 0.3804,8.7157 0.3078,8.7457 0.2329,8.7693 0.1563,8.7863 0.0784,8.7966 0.0000,8.8000;
ADD P2 :W0.000000  0.0000,8.8000 -0.0784,8.7966 -0.1563,8.7863 -0.2329,8.7693 -0.3078,8.7457 -0.3804,8.7157 -0.4500,8.6794 -0.5162,8.6372 -0.5785,8.5894 -0.6364,8.5364 -0.6894,8.4785 -0.7372,8.4162 -0.7794,8.3500 -0.8157,8.2804 -0.8457,8.2078 -0.8693,8.1329 -0.8863,8.0563 -0.8966,7.9784 -0.9000,7.9000 -0.8966,7.8216 -0.8863,7.7437 -0.8693,7.6671 -0.8457,7.5922 -0.8157,7.5196 -0.7794,7.4500 -0.7372,7.3838 -0.6894,7.3215 -0.6364,7.2636 -0.5785,7.2106 -0.5162,7.1628 -0.4500,7.1206 -0.3804,7.0843 -0.3078,7.0543 -0.2329,7.0307 -0.1563,7.0137 -0.0784,7.0034 0.0000,7.0000 0.0784,7.0034 0.1563,7.0137 0.2329,7.0307 0.3078,7.0543 0.3804,7.0843 0.4500,7.1206 0.5162,7.1628 0.5785,7.2106 0.6364,7.2636 0.6894,7.3215 0.7372,7.3838 0.7794,7.4500 0.8157,7.5196 0.8457,7.5922 0.8693,7.6671 0.8863,7.7437 0.8966,7.8216 0.9000,7.9000 0.8966,7.9784 0.8863,8.0563 0.8693,8.1329 0.8457,8.2078 0.8157,8.2804 0.7794,8.3500 0.7372,8.4162 0.6894,8.4785 0.6364,8.5364 0.5785,8.5894 0.5162,8.6372 0.4500,8.6794 0.3804,8.7157 0.3078,8.7457 0.2329,8.7693 0.1563,8.7863 0.0784,8.7966 0.0000,8.8000;
ADD P1 :W0.000000  -16.4600,7.9000 16.4600,7.9000 16.4600,5.4000 -16.4600,5.4000;
ADD P1 :W0.000000  14.4600,3.4000 -14.4600,3.4000 -14.4600,5.4000 14.4600,5.4000;
ADD P1 :W0.000000  -18.4600,7.4000 -14.4600,3.4000 -14.4600,5.4000 -16.4600,5.4000 -16.4600,7.4000;
ADD P1 :W0.000000  -18.4600,27.2400 -16.4600,27.2400 -16.4600,7.4000 -18.4600,7.4000;
ADD P1 :W0.000000  -14.4600,31.2400 14.4600,31.2400 14.4600,29.2400 -14.4600,29.2400;
ADD P1 :W0.000000  16.4600,27.2400 18.4600,27.2400 18.4600,7.4000 16.4600,7.4000;
ADD P1 :W0.000000  14.4600,3.4000 18.4600,7.4000 16.4600,7.4000 16.4600,5.4000 14.4600,5.4000;
ADD P1 :W0.000000  -16.4600,29.2400 16.4600,29.2400 16.4600,7.9000 -16.4600,7.9000;
ADD P1 :W0.000000  18.4600,27.2400 14.4600,31.2400 14.4600,29.2400 16.4600,29.2400 16.4600,27.2400;
ADD P1 :W0.000000  -14.4600,31.2400 -18.4600,27.2400 -16.4600,27.2400 -16.4600,29.2400 -14.4600,29.2400;
SAVE;
